0.43	16.0	0.0972468562312	0.000207017625181
0.45	16.0	0.115162506256	0.000251014930975
0.46	16.0	0.125995213964	0.000272384231147
0.47	16.0	0.136936936937	0.000290944107501
0.475	16.0	0.142689720971	0.0002925741102
0.48	16.0	0.149134916166	0.000302591115312
0.49	16.0	0.160552583834	0.000317089185893
0.5	16.0	0.17293089965	0.000338846893628
0.51	16.0	0.185868055556	0.000361708174199
0.515	16.0	0.192032032032	0.000349864711103
0.52	16.0	0.198546437062	0.000358782178176
0.53	16.0	0.211289023398	0.000367195120694
0.55	16.0	0.236854823574	0.00037141527495
0.2	32.0	0.0120339284597	1.69328929519e-05
0.25	32.0	0.0203243673361	2.44780695792e-05
0.3	32.0	0.0329670686311	4.12325454694e-05
0.33	32.0	0.0445734210773	6.01357136187e-05
0.35	32.0	0.0548106113926	7.75328224153e-05
0.36	32.0	0.0608200387888	8.57615685403e-05
0.37	32.0	0.0677125954079	9.49555439792e-05
0.38	32.0	0.0747939150088	0.000105118545643
0.39	32.0	0.0826826826827	0.000115090195301
0.4	32.0	0.0910567207833	0.000114839509416
0.41	32.0	0.0994150009384	0.000117930968935
0.42	32.0	0.108502056744	0.000122259300893
0.43	32.0	0.11722728588	0.000123086686524
0.44	32.0	0.127174537819	0.000129376666775
0.45	32.0	0.136326873749	0.000135472173717
0.47	32.0	0.156134415666	0.000142449740308
0.5	32.0	0.187919716592	0.000159377302177
0.2	64.0	0.0121313427637	1.25906749435e-05
0.25	64.0	0.0207119121055	2.21752751115e-05
0.3	64.0	0.0355800370272	5.13576250623e-05
0.31	64.0	0.0398748375658	5.43885049985e-05
0.32	64.0	0.044698870397	5.95463737353e-05
0.33	64.0	0.0497933953845	5.95168875986e-05
0.34	64.0	0.0551660058398	6.04042507093e-05
0.35	64.0	0.0609842340932	6.12966771193e-05
0.36	64.0	0.0670129516846	6.295956968e-05
0.37	64.0	0.0735072195172	6.47457266505e-05
0.38	64.0	0.0802227795435	6.7564948052e-05
0.39	64.0	0.0871635947677	7.03677827052e-05
0.4	64.0	0.0946782236348	7.59848371766e-05
0.45	64.0	0.13718652148	9.39944089077e-05
0.5	64.0	0.187601961736	0.000117516929894
0.55	64.0	0.24400464014	0.000137778230975
0.1	128.0	0.00277696397569	8.17979555075e-06
0.2	128.0	0.0121939980863	2.25292675519e-05
0.22	128.0	0.0152548186948	2.88876809412e-05
0.24	128.0	0.0190861002604	4.82587231695e-05
0.25	128.0	0.0213177766273	3.68830822067e-05
0.26	128.0	0.0239464473245	5.05983806853e-05
0.27	128.0	0.0268448136679	4.33442551024e-05
0.28	128.0	0.030125769227	4.78687639891e-05
0.29	128.0	0.0336242798465	4.1383262213e-05
0.3	128.0	0.0373796929253	6.34044386934e-05
0.31	128.0	0.0415899596551	6.65655524547e-05
0.32	128.0	0.0460316051136	6.52758584999e-05
0.34	128.0	0.0558681788589	8.64355151131e-05
0.36	128.0	0.067304835464	8.87058598172e-05
0.38	128.0	0.0803010451192	0.000101889295037
0.4	128.0	0.0947584487453	0.000112273879562
0.5	128.0	0.187496917416	0.000179577241597
0.1	256.0	0.0027730984158	1.41813265458e-05
0.15	256.0	0.00647738986545	2.3102355987e-05
0.2	256.0	0.0122042507595	3.31960390753e-05
0.22	256.0	0.0154565738726	3.36060671889e-05
0.225	256.0	0.0164103235056	2.20617465498e-05
0.23	256.0	0.0173934163927	2.81243630318e-05
0.24	256.0	0.0194707107483	3.7802062014e-05
0.25	256.0	0.0218656261193	3.78678960879e-05
0.26	256.0	0.024463153308	2.61370206415e-05
0.27	256.0	0.0272489407696	3.10299261074e-05
0.275	256.0	0.0288368425015	4.53620706274e-05
0.28	256.0	0.030406397566	3.96997982537e-05
0.29	256.0	0.0338506543074	4.92302994542e-05
0.3	256.0	0.0376451619466	0.000106888957862
0.325	256.0	0.0485066392687	0.000102902459421
0.4	256.0	0.0949358113607	0.000194364120055
