0.43	16.0	1.60081828214	0.00305809397142
0.45	16.0	1.72478814471	0.00291429662038
0.46	16.0	1.78067280409	0.00284546943731
0.47	16.0	1.82325616301	0.00259678095915
0.475	16.0	1.83811018774	0.00250221325235
0.48	16.0	1.85597685653	0.00238162048069
0.49	16.0	1.86572763483	0.00220954244047
0.5	16.0	1.87280191366	0.00199018252086
0.51	16.0	1.870157457	0.00183453473672
0.515	16.0	1.85943623799	0.00174226224435
0.52	16.0	1.8477256305	0.00171841724892
0.53	16.0	1.8203680244	0.00159438297375
0.55	16.0	1.75228511765	0.00149322565555
0.2	32.0	0.704742627757	0.00209596596913
0.25	32.0	1.04788996342	0.00293617235236
0.3	32.0	1.58434283374	0.00453399559723
0.33	32.0	2.06219503289	0.00533146908972
0.35	32.0	2.39731478379	0.00550483580946
0.36	32.0	2.553382565	0.0051795655859
0.37	32.0	2.69960137402	0.00484352832517
0.38	32.0	2.79405282035	0.00439865481316
0.39	32.0	2.84952515678	0.003840113928
0.4	32.0	2.88719016265	0.00336605511627
0.41	32.0	2.8686672349	0.00302328767873
0.42	32.0	2.83584780972	0.00278123037025
0.43	32.0	2.77414718809	0.00257115571421
0.44	32.0	2.6953299601	0.00241806725062
0.45	32.0	2.61503824269	0.00226815055083
0.47	32.0	2.44677455883	0.00199986590852
0.5	32.0	2.19408307332	0.00166460277114
0.2	64.0	1.16646364539	0.00681982064448
0.25	64.0	1.96350181762	0.0120189003384
0.3	64.0	3.44737765792	0.0141928721347
0.31	64.0	3.71424116534	0.0117066250556
0.32	64.0	3.89466026418	0.0100003148243
0.33	64.0	3.95571443864	0.00780416953571
0.34	64.0	3.92594031851	0.00640256504972
0.35	64.0	3.85062658499	0.00572935319226
0.36	64.0	3.74300276681	0.00516282785551
0.37	64.0	3.61548631383	0.00470343267693
0.38	64.0	3.48352051791	0.00420705838402
0.39	64.0	3.34841288749	0.0038924532734
0.4	64.0	3.21491328639	0.00344498924859
0.45	64.0	2.652541801	0.00206268215647
0.5	64.0	2.2001996757	0.00129433735681
0.55	64.0	1.83021781661	0.000912869731667
0.1	128.0	0.60397526478	0.0155899921544
0.2	128.0	1.99504793174	0.052971311565
0.22	128.0	2.64042797947	0.0672035657154
0.24	128.0	3.6266456018	0.104182670977
0.25	128.0	4.05633707499	0.0512597350742
0.26	128.0	4.58993290955	0.0539185311661
0.27	128.0	4.93262332011	0.0354229858273
0.28	128.0	5.098461543	0.0228572170154
0.29	128.0	5.06947408869	0.0174112599162
0.3	128.0	4.91620191602	0.0225638430979
0.31	128.0	4.70718450112	0.0186247366954
0.32	128.0	4.48958289451	0.0162454750538
0.34	128.0	4.1222837657	0.0114002086778
0.36	128.0	3.80119079639	0.00860128555221
0.38	128.0	3.49191749869	0.00660871592968
0.4	128.0	3.21597911217	0.00506296152599
0.5	128.0	2.20129403231	0.00193415323405
0.1	256.0	0.930541112513	0.176750128179
0.15	256.0	1.3729182716	0.0498808181519
0.2	256.0	3.20413985125	0.212056946116
0.22	256.0	5.23929247397	0.157611335163
0.225	256.0	5.61994245301	0.112450107135
0.23	256.0	6.01750555014	0.10754397821
0.24	256.0	6.1974370375	0.074531363995
0.25	256.0	6.15296005672	0.053294073292
0.26	256.0	6.04134475252	0.0369298098598
0.27	256.0	5.75581720745	0.0286888108487
0.275	256.0	5.59576384041	0.0423398686698
0.28	256.0	5.45939614549	0.0216328411099
0.29	256.0	5.2124410312	0.0238296910451
0.3	256.0	5.03038909139	0.047254982606
0.325	256.0	4.42055300164	0.0286078568807
0.4	256.0	3.21994533778	0.0104415688143
