0.43	16.0	2.08029779122	0.0026512173018
0.45	16.0	2.18742711327	0.0025532798542
0.46	16.0	2.23393131109	0.00254061995053
0.47	16.0	2.26600614356	0.00236993107695
0.475	16.0	2.27563236949	0.00231697794155
0.48	16.0	2.28767043204	0.00223623509552
0.49	16.0	2.2905996529	0.00214969852347
0.5	16.0	2.28896373285	0.00200257330567
0.51	16.0	2.27865008846	0.00194552820242
0.515	16.0	2.26460746438	0.00190733885462
0.52	16.0	2.24967059149	0.00190084199702
0.53	16.0	2.21589397153	0.00184519368454
0.55	16.0	2.13562329163	0.00180317783717
0.2	32.0	1.5098623226	0.00172843397878
0.25	32.0	1.77887478156	0.00274572730092
0.3	32.0	2.2360783763	0.00432389878518
0.33	32.0	2.66478286454	0.00520267693802
0.35	32.0	2.96485993708	0.00532454989398
0.36	32.0	3.10373756809	0.00522048557814
0.37	32.0	3.23190024652	0.00500565563736
0.38	32.0	3.31273136813	0.00469461409842
0.39	32.0	3.35112977947	0.00430590164595
0.4	32.0	3.37401412776	0.00397634389142
0.41	32.0	3.34427884025	0.00369755878735
0.42	32.0	3.2970768414	0.00354920750255
0.43	32.0	3.22748677783	0.00340632319541
0.44	32.0	3.13611093089	0.00315932434821
0.45	32.0	3.04913313414	0.00299028127822
0.47	32.0	2.86800476721	0.0026681342296
0.5	32.0	2.59571063054	0.00211347014898
0.2	64.0	2.05129824459	0.00689722245881
0.25	64.0	2.7389675968	0.0122570953257
0.3	64.0	4.09726571811	0.0143885985275
0.31	64.0	4.33139989816	0.0124554332178
0.32	64.0	4.4847336928	0.0114938126439
0.33	64.0	4.52756516682	0.00948358299209
0.34	64.0	4.47139473008	0.00835352377577
0.35	64.0	4.38335996618	0.00804374656709
0.36	64.0	4.26001370068	0.00711828097094
0.37	64.0	4.12428794982	0.00681479142653
0.38	64.0	3.97985638803	0.00590788429508
0.39	64.0	3.83493828112	0.00537044111645
0.4	64.0	3.68803547199	0.00472532871457
0.45	64.0	3.08548673866	0.00269976765152
0.5	64.0	2.60364296549	0.00163844333387
0.55	64.0	2.20914297122	0.00110064931646
0.1	128.0	1.84417224772	0.0162074114041
0.2	128.0	2.95203793628	0.061008367454
0.22	128.0	3.5291930198	0.071673322506
0.24	128.0	4.46459544731	0.110123795984
0.25	128.0	4.83731343766	0.0549194802653
0.26	128.0	5.32265032049	0.048632635955
0.27	128.0	5.64164857263	0.0389277180112
0.28	128.0	5.76162913095	0.0281917624284
0.29	128.0	5.7219107771	0.0247906020536
0.3	128.0	5.55222597906	0.0342076318692
0.31	128.0	5.30427254026	0.0266748318477
0.32	128.0	5.0600807755	0.0222886643519
0.34	128.0	4.66477465502	0.0159245145489
0.36	128.0	4.3194122269	0.011924168339
0.38	128.0	3.98442210026	0.00910526448493
0.4	128.0	3.69035760218	0.00680645445783
0.5	128.0	2.60502872572	0.00242607405679
0.1	256.0	2.23187177995	0.124998076843
0.15	256.0	2.50880845643	0.0342926933025
0.2	256.0	4.12063652092	0.24390362013
0.22	256.0	6.13298811338	0.169311405207
0.225	256.0	6.49046467863	0.127790755748
0.23	256.0	6.82953722077	0.119998580634
0.24	256.0	6.95637560704	0.0873662859682
0.25	256.0	6.88066600006	0.0725390894313
0.26	256.0	6.73973814014	0.0502455013279
0.27	256.0	6.4530985907	0.0411618774544
0.275	256.0	6.2590140938	0.0581274629368
0.28	256.0	6.11117286627	0.0325537199488
0.29	256.0	5.85547670265	0.0346186627974
0.3	256.0	5.64711707124	0.0675424652642
0.325	256.0	4.99863222942	0.0416773113153
0.4	256.0	3.69479329674	0.0142328384093
